35
10
32
03
26
15
17
22
39
33
40
28
08
43
44
48
43
47
43
49
47
47
43
49
50
44
44
43
42
46
49
50
43
49
48
47
43
47
50
43
47
44
45
48
49
43
47
44
42
49
46
44
49
46
42
44
43
49
42
44
43
49
49
45
43
47
43
47
49
47
48
42
49
47
48
49
42
43
47
48
49
43
49
47
44
45
43
45
47
48
49
43
45
48
47
43
45
48
43
47
49
50
45
48
43
45
47
48
43
45
47
48
43
49
47
44
45
43
45
47
50
48
43
47
49
44
